1 0.682000 0.264500 0.320000 0.167000
0 0.756500 0.406000 0.071000 0.078000
0 0.671000 0.408500 0.074000 0.081000
0 0.582000 0.405000 0.076000 0.084000
1 0.761500 0.544000 0.171000 0.154000
1 0.594000 0.546500 0.146000 0.149000
6 0.689500 0.753500 0.029000 0.121000
6 0.660500 0.748500 0.029000 0.127000
3 0.387500 0.783000 0.115000 0.054000
10 0.273500 0.747500 0.049000 0.133000
4 0.403500 0.655500 0.101000 0.103000
4 0.488500 0.753000 0.069000 0.120000
3 0.209000 0.702000 0.040000 0.054000
3 0.207000 0.502500 0.036000 0.113000
0 0.226500 0.428000 0.039000 0.038000
0 0.443500 0.426000 0.035000 0.044000
0 0.440000 0.374000 0.040000 0.050000
0 0.450500 0.248000 0.047000 0.070000
0 0.419000 0.306000 0.034000 0.046000
0 0.247500 0.242000 0.033000 0.040000
0 0.345500 0.230500 0.045000 0.051000
0 0.395500 0.218500 0.037000 0.045000
0 0.428500 0.198500 0.031000 0.045000
3 0.392000 0.176000 0.044000 0.042000
3 0.517500 0.170000 0.043000 0.040000
13 0.200000 0.332000 0.054000 0.152000
14 0.333500 0.288500 0.065000 0.095000
15 0.489500 0.232000 0.033000 0.118000
9 0.339500 0.620500 0.035000 0.127000
9 0.397000 0.728000 0.088000 0.042000
8 0.555000 0.777000 0.040000 0.038000
7 0.730000 0.734000 0.054000 0.108000
11 0.317000 0.712500 0.018000 0.041000
11 0.320000 0.764000 0.020000 0.044000
12 0.338500 0.709000 0.025000 0.050000
17 0.592000 0.434000 0.026000 0.022000
17 0.673500 0.435000 0.025000 0.024000
17 0.764500 0.432500 0.025000 0.021000
17 0.449000 0.272500 0.022000 0.019000
17 0.417000 0.186500 0.010000 0.011000
18 0.518500 0.158000 0.039000 0.014000
18 0.391500 0.164500 0.041000 0.015000
18 0.194500 0.503500 0.011000 0.111000
18 0.199500 0.701500 0.009000 0.049000
18 0.386500 0.764500 0.105000 0.013000
17 0.455000 0.422000 0.010000 0.018000
17 0.423000 0.372000 0.008000 0.028000
17 0.431500 0.301000 0.009000 0.020000
17 0.346000 0.213500 0.020000 0.013000
17 0.391000 0.201500 0.012000 0.011000
17 0.248500 0.251500 0.017000 0.011000
17 0.215000 0.425000 0.008000 0.018000